%YAML:1.0
---
resolution: !!opencv-matrix
   rows: 2
   cols: 1
   dt: i
   data: [ 1920, 1280 ]
camera_matrix: !!opencv-matrix
   rows: 3
   cols: 3
   dt: d
   data: [ 6.1661162556456622e+02, 0., 9.9314523640959123e+02, 0.,
       7.3033351665105408e+02, 7.2434025479574768e+02, 0., 0., 1. ]
dist_coeffs: !!opencv-matrix
   rows: 4
   cols: 1
   dt: d
   data: [ -1.9720869853169763e-02, -1.7088688980838236e-04,
       -4.9211481140478840e-04, -1.3915635877247831e-04 ]
