%YAML:1.0
---
camera_matrix: !!opencv-matrix
   rows: 3
   cols: 3
   dt: d
   data: [ 6.1241843893502096e+02, 0., 9.0922329009504062e+02, 0.,
       7.2568276083629689e+02, 6.7894497371912894e+02, 0., 0., 1. ]
dist_coeffs: !!opencv-matrix
   rows: 4
   cols: 1
   dt: d
   data: [ -1.6674489950279998e-02, 4.2177346832014823e-03,
       -3.3042337115608612e-03, 3.1655025898058348e-04 ]
resolution: !!opencv-matrix
   rows: 2
   cols: 1
   dt: i
   data: [ 1920, 1280 ]
project_matrix: !!opencv-matrix
   rows: 3
   cols: 3
   dt: d
   data: [ -1.3209974275737082e-01, -6.0836919234953202e-01,
       6.7061859632643291e+02, 3.2621478066790399e-03,
       -5.3619737071534979e-01, 3.9456744410361904e+02,
       8.6300206525900308e-06, -1.1183114448942166e-03, 1. ]
scale_xy: !!opencv-matrix
   rows: 2
   cols: 1
   dt: f
   data: [ 8.99999976e-01, 1. ]
shift_xy: !!opencv-matrix
   rows: 2
   cols: 1
   dt: f
   data: [ 0., 0. ]
