%YAML:1.0
---
camera_matrix: !!opencv-matrix
   rows: 3
   cols: 3
   dt: d
   data: [ 3.2721148333334833e+02, 0., 4.5980052666944948e+02, 0.,
       3.8798954742696981e+02, 3.3605080950205831e+02, 0., 0., 1. ]
dist_coeffs: !!opencv-matrix
   rows: 4
   cols: 1
   dt: d
   data: [ -8.6634777462978735e-02, 6.9023092022572285e-02,
       -3.7084299468438914e-02, 5.3515161069313914e-03 ]
resolution: !!opencv-matrix
   rows: 2
   cols: 1
   dt: i
   data: [ 960, 640 ]
project_matrix: !!opencv-matrix
   rows: 3
   cols: 3
   dt: d
   data: [ -1.5653365776158154e-01, -7.8382372173386317e-01,
       4.3390575989411531e+02, -4.7807265268374555e-04,
       -6.9679138901455873e-01, 2.7817532686980235e+02,
       2.5255734000773278e-06, -2.1715205855207496e-03, 1. ]
scale_xy: !!opencv-matrix
   rows: 2
   cols: 1
   dt: f
   data: [ 8.00000012e-01, 8.00000012e-01 ]
shift_xy: !!opencv-matrix
   rows: 2
   cols: 1
   dt: f
   data: [ 0., 0. ]
