%YAML:1.0
---
camera_matrix: !!opencv-matrix
   rows: 3
   cols: 3
   dt: d
   data: [ 3.2721148333334833e+02, 0., 4.5980052666944948e+02, 0.,
       3.8798954742696981e+02, 3.3605080950205831e+02, 0., 0., 1. ]
dist_coeffs: !!opencv-matrix
   rows: 4
   cols: 1
   dt: d
   data: [ -8.6634777462978735e-02, 6.9023092022572285e-02,
       -3.7084299468438914e-02, 5.3515161069313914e-03 ]
resolution: !!opencv-matrix
   rows: 2
   cols: 1
   dt: i
   data: [ 960, 640 ]
project_matrix: !!opencv-matrix
   rows: 3
   cols: 3
   dt: d
   data: [ -4.3450892452643752e-01, -2.3005208207535288e+00,
       5.8517106017525293e+02, -3.6616784486754451e-03,
       -2.0206893184151951e+00, 4.7119101113949239e+02,
       3.6130333432421238e-06, -6.3151350337283989e-03, 1. ]
scale_xy: !!opencv-matrix
   rows: 2
   cols: 1
   dt: f
   data: [ 1., 1. ]
shift_xy: !!opencv-matrix
   rows: 2
   cols: 1
   dt: f
   data: [ 0., 0. ]
