%YAML:1.0
---
camera_matrix: !!opencv-matrix
   rows: 3
   cols: 3
   dt: d
   data: [ 3.2721148333334833e+02, 0., 4.5980052666944948e+02, 0.,
       3.8798954742696981e+02, 3.3605080950205831e+02, 0., 0., 1. ]
dist_coeffs: !!opencv-matrix
   rows: 4
   cols: 1
   dt: d
   data: [ -8.6634777462978735e-02, 6.9023092022572285e-02,
       -3.7084299468438914e-02, 5.3515161069313914e-03 ]
resolution: !!opencv-matrix
   rows: 2
   cols: 1
   dt: i
   data: [ 960, 640 ]
project_matrix: !!opencv-matrix
   rows: 3
   cols: 3
   dt: d
   data: [ -2.4437457705842056e-01, -1.1729639508534697e+00,
       6.5278753332759811e+02, -9.5653950775612274e-03,
       -1.0398170632133905e+00, 4.1875042505032371e+02,
       -1.9863586131167015e-05, -2.1495318419460343e-03, 1. ]
scale_xy: !!opencv-matrix
   rows: 2
   cols: 1
   dt: f
   data: [ 8.00000012e-01, 8.00000012e-01 ]
shift_xy: !!opencv-matrix
   rows: 2
   cols: 1
   dt: f
   data: [ 0., 0. ]
