%YAML:1.0
---
camera_matrix: !!opencv-matrix
   rows: 3
   cols: 3
   dt: d
   data: [ 3.0478646275332846e+02, 0., 5.1060928434309449e+02, 0.,
       3.5886057417988559e+02, 3.3940874699851582e+02, 0., 0., 1. ]
dist_coeffs: !!opencv-matrix
   rows: 4
   cols: 1
   dt: d
   data: [ -4.4080676860804087e-02, 8.9963229838451453e-02,
       -1.2006081894169218e-01, 4.5304463347061459e-02 ]
resolution: !!opencv-matrix
   rows: 2
   cols: 1
   dt: i
   data: [ 960, 640 ]
project_matrix: !!opencv-matrix
   rows: 3
   cols: 3
   dt: d
   data: [ -4.6927745071016286e-01, -2.2767089093602277e+00,
       5.6441121219368176e+02, -1.6082713860150654e-02,
       -1.9977456348270139e+00, 4.5976363927326520e+02,
       -6.5693552402400565e-05, -6.3203055579322863e-03, 1. ]
scale_xy: !!opencv-matrix
   rows: 2
   cols: 1
   dt: f
   data: [ 1., 1. ]
shift_xy: !!opencv-matrix
   rows: 2
   cols: 1
   dt: f
   data: [ 0., 0. ]
