%YAML:1.0
---
camera_matrix: !!opencv-matrix
   rows: 3
   cols: 3
   dt: d
   data: [ 6.2780354917321438e+02, 0., 1.0173411221046427e+03, 0.,
       7.4248272655337030e+02, 6.6341475030796732e+02, 0., 0., 1. ]
dist_coeffs: !!opencv-matrix
   rows: 4
   cols: 1
   dt: d
   data: [ -3.4527194535300607e-02, 1.5390844487994120e-02,
       -5.0182011796971286e-03, -3.0865947690788989e-03 ]
resolution: !!opencv-matrix
   rows: 2
   cols: 1
   dt: i
   data: [ 1920, 1280 ]
project_matrix: !!opencv-matrix
   rows: 3
   cols: 3
   dt: d
   data: [ -1.3995437804589092e-01, -5.9925343204480419e-01,
       6.7857374545074720e+02, -6.3091006762522068e-04,
       -5.3285539020112227e-01, 3.9764118960396934e+02,
       -3.5450816484273722e-06, -1.1047149200536445e-03, 1. ]
scale_xy: !!opencv-matrix
   rows: 2
   cols: 1
   dt: f
   data: [ 8.99999976e-01, 1. ]
shift_xy: !!opencv-matrix
   rows: 2
   cols: 1
   dt: f
   data: [ 0., 0. ]
