%YAML:1.0
---
camera_matrix: !!opencv-matrix
   rows: 3
   cols: 3
   dt: d
   data: [ 3.0478646275332846e+02, 0., 5.1060928434309449e+02, 0.,
       3.5886057417988559e+02, 3.3940874699851582e+02, 0., 0., 1. ]
dist_coeffs: !!opencv-matrix
   rows: 4
   cols: 1
   dt: d
   data: [ -4.4080676860804087e-02, 8.9963229838451453e-02,
       -1.2006081894169218e-01, 4.5304463347061459e-02 ]
resolution: !!opencv-matrix
   rows: 2
   cols: 1
   dt: i
   data: [ 960, 640 ]
project_matrix: !!opencv-matrix
   rows: 3
   cols: 3
   dt: d
   data: [ -2.3074317808797562e-01, -1.1903228669906247e+00,
       6.5548033111835161e+02, 7.9110722730143591e-04,
       -1.0533558653712991e+00, 4.1441371634403333e+02,
       2.9300267677836428e-06, -2.2140447830198452e-03, 1. ]
scale_xy: !!opencv-matrix
   rows: 2
   cols: 1
   dt: f
   data: [ 8.00000012e-01, 8.00000012e-01 ]
shift_xy: !!opencv-matrix
   rows: 2
   cols: 1
   dt: f
   data: [ 0., 0. ]
