%YAML:1.0
---
resolution: !!opencv-matrix
   rows: 2
   cols: 1
   dt: i
   data: [ 960, 640 ]
camera_matrix: !!opencv-matrix
   rows: 3
   cols: 3
   dt: d
   data: [ 2.9843416548820403e+02, 0., 4.5885633474969416e+02, 0.,
       3.5162622774553154e+02, 3.4244739010395006e+02, 0., 0., 1. ]
dist_coeffs: !!opencv-matrix
   rows: 4
   cols: 1
   dt: d
   data: [ -1.5068851705975760e-02, -6.1238341392268435e-02,
       1.5483518292040399e-01, -8.7942439913147541e-02 ]
