%YAML:1.0
---
resolution: !!opencv-matrix
   rows: 2
   cols: 1
   dt: i
   data: [ 640, 480 ]
camera_matrix: !!opencv-matrix
   rows: 3
   cols: 3
   dt: d
   data: [ 2.0065622970480516e+02, 0., 3.0427319745317675e+02, 0.,
       2.6938671297207873e+02, 2.5332533639604918e+02, 0., 0., 1. ]
dist_coeffs: !!opencv-matrix
   rows: 4
   cols: 1
   dt: d
   data: [ 6.0695210155593468e-02, -1.6426644784652611e-01,
       2.1710716080675105e-01, -1.0852982617064902e-01 ]
