%YAML:1.0
---
camera_matrix: !!opencv-matrix
   rows: 3
   cols: 3
   dt: d
   data: [ 2.9915591494350889e+02, 0., 4.5880507372020537e+02, 0.,
       3.5473964396081846e+02, 3.6919847196471687e+02, 0., 0., 1. ]
dist_coeffs: !!opencv-matrix
   rows: 4
   cols: 1
   dt: d
   data: [ -4.3738141126934200e-02, 1.2946478522815244e-01,
       -2.0857754799248990e-01, 1.0651315850254653e-01 ]
resolution: !!opencv-matrix
   rows: 2
   cols: 1
   dt: i
   data: [ 960, 640 ]
project_matrix: !!opencv-matrix
   rows: 3
   cols: 3
   dt: d
   data: [ -2.2200409458845446e-01, -1.1510516054556295e+00,
       6.5563707730705505e+02, 4.4069889197580984e-03,
       -9.9611227181530748e-01, 4.1520967644582453e+02,
       1.6322181184289073e-05, -2.0981401646696187e-03, 1. ]
scale_xy: !!opencv-matrix
   rows: 2
   cols: 1
   dt: f
   data: [ 8.00000012e-01, 8.00000012e-01 ]
shift_xy: !!opencv-matrix
   rows: 2
   cols: 1
   dt: f
   data: [ 0., 0. ]
