%YAML:1.0
---
camera_matrix: !!opencv-matrix
   rows: 3
   cols: 3
   dt: d
   data: [ 2.9915591494350889e+02, 0., 4.5880507372020537e+02, 0.,
       3.5473964396081846e+02, 3.6919847196471687e+02, 0., 0., 1. ]
dist_coeffs: !!opencv-matrix
   rows: 4
   cols: 1
   dt: d
   data: [ -4.3738141126934200e-02, 1.2946478522815244e-01,
       -2.0857754799248990e-01, 1.0651315850254653e-01 ]
resolution: !!opencv-matrix
   rows: 2
   cols: 1
   dt: i
   data: [ 960, 640 ]
project_matrix: !!opencv-matrix
   rows: 3
   cols: 3
   dt: d
   data: [ -1.4967956683194927e-01, -7.6860475241520843e-01,
       4.3656920076644388e+02, 1.4201319898967510e-03,
       -6.6133709897947024e-01, 2.7563800229636757e+02,
       7.8896221660932761e-06, -2.1021357192421669e-03, 1. ]
scale_xy: !!opencv-matrix
   rows: 2
   cols: 1
   dt: f
   data: [ 8.00000012e-01, 8.00000012e-01 ]
shift_xy: !!opencv-matrix
   rows: 2
   cols: 1
   dt: f
   data: [ 0., 0. ]
