%YAML:1.0
---
camera_matrix: !!opencv-matrix
   rows: 3
   cols: 3
   dt: d
   data: [ 2.9915591494350889e+02, 0., 4.5880507372020537e+02, 0.,
       3.5473964396081846e+02, 3.6919847196471687e+02, 0., 0., 1. ]
dist_coeffs: !!opencv-matrix
   rows: 4
   cols: 1
   dt: d
   data: [ -4.3738141126934200e-02, 1.2946478522815244e-01,
       -2.0857754799248990e-01, 1.0651315850254653e-01 ]
resolution: !!opencv-matrix
   rows: 2
   cols: 1
   dt: i
   data: [ 960, 640 ]
project_matrix: !!opencv-matrix
   rows: 3
   cols: 3
   dt: d
   data: [ -5.2273225955332625e-01, -2.8839384153709369e+00,
       6.6075855340553983e+02, 3.2469846970382993e-02,
       -2.5120222259991829e+00, 5.1846067093247700e+02,
       1.5063539927220708e-04, -7.9010169048177020e-03, 1. ]
scale_xy: !!opencv-matrix
   rows: 2
   cols: 1
   dt: f
   data: [ 1., 1. ]
shift_xy: !!opencv-matrix
   rows: 2
   cols: 1
   dt: f
   data: [ -15., 0. ]
