%YAML:1.0
---
camera_matrix: !!opencv-matrix
   rows: 3
   cols: 3
   dt: d
   data: [ 6.2264598039211558e+02, 0., 9.3182132580763403e+02, 0.,
       7.3896743857025638e+02, 7.2702744933392114e+02, 0., 0., 1. ]
dist_coeffs: !!opencv-matrix
   rows: 4
   cols: 1
   dt: d
   data: [ -4.3957105679467486e-02, 4.7436514938256485e-02,
       -3.5199081695360103e-02, 8.5199085327646949e-03 ]
resolution: !!opencv-matrix
   rows: 2
   cols: 1
   dt: i
   data: [ 1920, 1280 ]
project_matrix: !!opencv-matrix
   rows: 3
   cols: 3
   dt: d
   data: [ -1.1698800071717187e-01, -5.4923492680266905e-01,
       6.6117263361745302e+02, 6.3445015107051412e-03,
       -4.8589266285200960e-01, 4.0774510710299040e+02,
       1.4676465317691176e-05, -1.0056504966979411e-03, 1. ]
scale_xy: !!opencv-matrix
   rows: 2
   cols: 1
   dt: f
   data: [ 8.99999976e-01, 1. ]
shift_xy: !!opencv-matrix
   rows: 2
   cols: 1
   dt: f
   data: [ 0., 0. ]
