%YAML:1.0
---
camera_matrix: !!opencv-matrix
   rows: 3
   cols: 3
   dt: d
   data: [ 3.0782699588022746e+02, 0., 4.9175013788718815e+02, 0.,
       3.6522937699682751e+02, 3.5969319829375945e+02, 0., 0., 1. ]
dist_coeffs: !!opencv-matrix
   rows: 4
   cols: 1
   dt: d
   data: [ -4.3264840482964265e-02, 1.2050251170078301e-01,
       -2.7092471474449542e-01, 2.0384318390791442e-01 ]
resolution: !!opencv-matrix
   rows: 2
   cols: 1
   dt: i
   data: [ 960, 640 ]
project_matrix: !!opencv-matrix
   rows: 3
   cols: 3
   dt: d
   data: [ -1.7061081607532300e-01, -7.9767466607101023e-01,
       4.4778109724384433e+02, 1.3127707339263119e-03,
       -7.1220497693030416e-01, 2.7743440880574650e+02,
       -3.8727657868245110e-06, -2.1924763444035726e-03, 1. ]
scale_xy: !!opencv-matrix
   rows: 2
   cols: 1
   dt: f
   data: [ 8.00000012e-01, 8.00000012e-01 ]
shift_xy: !!opencv-matrix
   rows: 2
   cols: 1
   dt: f
   data: [ 0., 0. ]
