%YAML:1.0
---
camera_matrix: !!opencv-matrix
   rows: 3
   cols: 3
   dt: d
   data: [ 3.0782699588022746e+02, 0., 4.9175013788718815e+02, 0.,
       3.6522937699682751e+02, 3.5969319829375945e+02, 0., 0., 1. ]
dist_coeffs: !!opencv-matrix
   rows: 4
   cols: 1
   dt: d
   data: [ -4.3264840482964265e-02, 1.2050251170078301e-01,
       -2.7092471474449542e-01, 2.0384318390791442e-01 ]
resolution: !!opencv-matrix
   rows: 2
   cols: 1
   dt: i
   data: [ 960, 640 ]
project_matrix: !!opencv-matrix
   rows: 3
   cols: 3
   dt: d
   data: [ -4.5547039536745765e-01, -2.4460039379892859e+00,
       6.2288233277721145e+02, 5.8141955191985617e-02,
       -2.1960456561174433e+00, 5.0679348852053818e+02,
       1.9794829577207877e-04, -6.7530840860966198e-03, 1. ]
scale_xy: !!opencv-matrix
   rows: 2
   cols: 1
   dt: f
   data: [ 1., 1. ]
shift_xy: !!opencv-matrix
   rows: 2
   cols: 1
   dt: f
   data: [ -30., 0. ]
