%YAML:1.0
---
camera_matrix: !!opencv-matrix
   rows: 3
   cols: 3
   dt: d
   data: [ 6.1661162556456622e+02, 0., 9.9314523640959123e+02, 0.,
       7.3033351665105408e+02, 7.2434025479574768e+02, 0., 0., 1. ]
dist_coeffs: !!opencv-matrix
   rows: 4
   cols: 1
   dt: d
   data: [ -1.9720869853169763e-02, -1.7088688980838236e-04,
       -4.9211481140478840e-04, -1.3915635877247831e-04 ]
resolution: !!opencv-matrix
   rows: 2
   cols: 1
   dt: i
   data: [ 1920, 1280 ]
project_matrix: !!opencv-matrix
   rows: 3
   cols: 3
   dt: d
   data: [ -1.2612892673262502e-01, -5.3766841054564563e-01,
       6.5549676847501803e+02, -2.6623231196037608e-03,
       -4.8380716087043668e-01, 4.0773263050143311e+02,
       -8.7514711017002337e-06, -1.0044990968432479e-03, 1. ]
scale_xy: !!opencv-matrix
   rows: 2
   cols: 1
   dt: f
   data: [ 8.99999976e-01, 1. ]
shift_xy: !!opencv-matrix
   rows: 2
   cols: 1
   dt: f
   data: [ 0., 0. ]
